8 15 11 1		6 2 10 14		12 7 -1 3		16 9 4 5 
10 -1 3 16		12 -1 8 4		14 15 1 9		2 11 7 13 
14 5 -1 7		11 3 15 13		8 2 16 4		12 10 1 6 
4 13 2 12		1 9 7 16		6 10 5 11		3 15 8 -1 

9 2 6 15		14 1 11 7		3 5 -1 16		4 8 13 12 
3 -1 12 8		2 4 6 9			11 14 7 13		-1 1 5 15 
11 10 5 13		8 12 -1 15		1 9 4 2			7 6 14 16 
1 4 -1 14		13 10 16 5		15 6 8 -1		9 2 3 -1 

13 7 16 5		9 6 1 12		2 8 3 10		11 14 15 4 
2 -1 8 11		7 16 -1 3		-1 4 6 15		1 13 9 -1 
6 3 14 4		10 15 13 8		-1 11 9 1 		5 12 16 2 
15 1 10 9		-1 11 5 2		13 16 12 14		-1 3 6 7 

12 8 4 -1		16 7 2 10		-1 13 14 6		15 5 11 1 
5 11 13 2		3 8 4 6			10 1 15 7		14 16 12 9 
7 9 1 6			15 14 12 11		16 3 -1 5		13 4 10 8 
16 14 15 10		5 13 9 1		4 12 -1	8		-1 7 2 3 


1 -1 -1 -1
-1 -1 -1 4
-1 -1 2 -1
-1 3 -1 -1